1: 2 3 10 13 16 38 43 303 297 177 
2: 1 4 5 28 50 101 130 
3: 1 7 14 15 316 260 
4: 1 6 9 97 184 110 49 
5: 2 18 39 110 113 156 313 
6: 1 8 17 22 25 212 172 164 318 
7: 4 11 23 36 105 149 177 
8: 4 12 79 180 192 239 
9: 3 207 273 59 
10: 8 20 24 40 246 33 
11: 4 26 46 71 125 134 184 
12: 2 32 73 64 
13: 1 41 116 92 161 
14: 1 21 27 30 62 
15: 6 56 77 90 140 299 14 
16: 8 19 89 62 259 
17: 14 139 170 304 
18: 4 35 54 72 
19: 11 49 66 325 186 
20: 13 34 59 81 96 141 
21: 7 31 61 84 250 259 49 44 
22: 19 291 56 
23: 1 44 143 197 334 
24: 19 126 169 279 203 
25: 6 29 33 42 99 200 213 225 
26: 4 95 338 34 319 
27: 8 45 147 130 243 39 
28: 1 202 273 274 
29: 17 186 
30: 17 199 
31: 1 202 25 
32: 30 150 97 130 350 84 
33: 6 60 82 194 274 312 
34: 10 121 134 
35: 3 37 48 142 351 239 294 
36: 1 65 75 268 318 
37: 9 51 106 222 89 247 33 
38: 8 300 335 
39: 20 64 132 
40: 28 206 210 
41: 25 47 53 87 94 163 
42: 33 78 
43: 2 67 114 178 211 
44: 41 86 195 215 9 49 
45: 4 80 153 72 59 
46: 29 55 131 
47: 23 210 
48: 38 52 58 185 220 44 116 98 
49: 25 173 20 
50: 38 85 118 70 87 
51: 21 72 3 
52: 46 57 103 17 329 27 
53: 5 171 191 184 93 122 
54: 40 175 
55: 31 63 93 102 286 105 332 
56: 44 322 62 
57: 42 98 176 242 77 237 
58: 47 70 157 193 70 218 337 9 
59: 8 216 87 
60: 46 203 
61: 33 112 130 136 166 305 
62: 43 68 155 253 
63: 53 104 129 240 258 306 286 336 131 39 
64: 13 91 160 
65: 32 328 112 20 
66: 43 69 228 
67: 7 249 38 
68: 66 74 83 138 145 13 64 
69: 26 108 148 20 136 
70: 25 92 208 53 73 26 
71: 14 76 88 238 290 312 344 
72: 2 107 6 307 255 
73: 41 233 284 328 
74: 13 132 288 35 
75: 19 146 292 109 
76: 25 197 157 232 111 
77: 56 130 
78: 29 159 272 221 249 
79: 42 109 119 122 217 235 201 
80: 60 317 329 7 
81: 70 161 196 225 
82: 9 174 190 327 
83: 11 164 343 51 
84: 56 100 134 
85: 38 267 
86: 30 308 347 61 273 242 248 125 
87: 3 117 26 
88: 59 
89: 44 146 324 
90: 47 227 129 99 
91: 55 214 
92: 9 141 15 
93: 41 124 324 
94: 27 123 19 
95: 67 
96: 69 115 127 5 
97: 65 179 3 134 
98: 1 36 
99: 17 111 263 91 
100: 21 282 
101: 23 
102: 39 190 
103: 20 154 
104: 34 120 167 262 162 131 69 
105: 48 248 16 12 
106: 10 135 209 
107: 46 234 306 
108: 91 128 131 181 209 253 334 
109: 60 45 72 290 
110: 32 144 183 243 280 102 
111: 44 137 152 163 348 163 121 45 2 
112: 85 
113: 35 260 111 103 
114: 68 
115: 45 232 94 225 
116: 67 189 258 
117: 106 151 289 82 270 
118: 30 201 255 221 
119: 64 187 150 
120: 83 133 
121: 65 158 261 74 35 78 
122: 30 145 301 315 
123: 121 238 6 
124: 17 276 248 
125: 20 338 142 203 215 209 
126: 63 64 344 
127: 104 349 97 
128: 68 
129: 21 182 245 326 12 
130: 117 
131: 95 175 71 
132: 31 265 111 
133: 80 241 15 
134: 15 25 
135: 96 172 207 
136: 61 205 18 
137: 80 244 3 
138: 62 137 156 
139: 124 221 287 352 2 
140: 104 34 58 
141: 26 37 134 
142: 14 186 
143: 118 14 
144: 128 293 129 304 
145: 60 155 
146: 56 123 345 
147: 118 252 80 
148: 30 107 
149: 26 168 224 264 
150: 115 86 246 314 
151: 43 34 125 
152: 1 91 30 
153: 52 273 25 
154: 69 319 345 283 217 
155: 67 162 48 204 6 261 
156: 93 204 197 
157: 121 155 
158: 120 
159: 92 300 342 
160: 141 270 80 
161: 20 283 32 239 
162: 27 165 61 345 
163: 54 273 
164: 81 273 112 
165: 75 323 
166: 23 292 269 6 
167: 6 331 
168: 42 111 310 
169: 116 263 
170: 125 162 
171: 16 192 
172: 54 229 251 111 56 
173: 100 
174: 7 230 231 77 
175: 106 125 
176: 160 28 
177: 148 188 162 268 
178: 7 214 
179: 56 28 90 
180: 27 278 187 17 
181: 164 155 
182: 138 26 
183: 123 223 275 142 
184: 6 198 137 5 
185: 15 20 111 
186: 7 82 261 
187: 139 341 
188: 52 
189: 80 37 5 5 261 
190: 125 247 292 
191: 163 254 346 52 142 
192: 24 218 99 
193: 128 36 
194: 135 
195: 40 
196: 68 237 343 102 89 346 6 
197: 122 194 137 
198: 110 
199: 34 203 
200: 4 
201: 72 
202: 59 208 51 
203: 30 184 
204: 60 302 337 238 336 
205: 149 65 
206: 137 259 
207: 77 8 191 53 
208: 178 219 309 53 15 
209: 5 226 291 192 
210: 20 
211: 75 345 
212: 209 150 331 
213: 172 134 116 144 
214: 73 295 242 49 
215: 45 121 300 
216: 137 
217: 35 
218: 119 296 
219: 164 236 257 15 177 
220: 213 58 
221: 62 7 
222: 47 291 
223: 192 350 
224: 79 193 42 23 
225: 209 196 
226: 169 
227: 142 183 
228: 22 294 342 42 225 
229: 6 138 
230: 204 20 
231: 152 
232: 45 242 
233: 117 271 118 9 311 
234: 8 303 
235: 100 
236: 30 256 
237: 148 332 344 350 319 
238: 59 130 
239: 88 108 146 153 
240: 111 
241: 178 314 318 43 
242: 162 62 66 3 
243: 38 159 
244: 170 126 
245: 165 354 86 214 22 
246: 148 13 
247: 61 266 307 126 
248: 42 213 184 160 
249: 62 269 328 
250: 229 6 11 
251: 27 266 
252: 173 286 
253: 46 339 352 286 220 
254: 190 330 74 71 
255: 61 66 243 
256: 7 
257: 2 253 16 
258: 75 277 298 265 46 307 312 
259: 147 262 173 10 
260: 241 323 193 352 
261: 204 182 91 306 
262: 109 9 26 
263: 135 280 221 
264: 169 111 258 69 
265: 48 220 
266: 127 71 
267: 81 
268: 153 
269: 196 220 
270: 76 90 255 330 
271: 58 184 
272: 237 281 54 
273: 123 285 165 36 33 32 
274: 119 320 
275: 241 110 
276: 154 139 
277: 104 
278: 6 167 
279: 109 311 81 20 316 228 80 
280: 140 
281: 92 342 298 
282: 56 
283: 152 296 
284: 159 219 226 315 40 
285: 123 333 77 243 
286: 97 349 9 
287: 13 
288: 217 6 
289: 153 109 
290: 172 209 80 
291: 122 327 56 
292: 254 136 
293: 123 341 88 
294: 169 297 26 229 76 
295: 184 25 136 
296: 22 226 80 156 
297: 126 92 
298: 295 24 300 178 
299: 90 24 215 209 
300: 195 146 
301: 174 
302: 88 
303: 108 323 
304: 140 44 203 
305: 293 45 226 210 126 263 
306: 60 340 326 26 13 
307: 253 310 336 159 
308: 40 95 45 
309: 31 216 
310: 69 
311: 32 353 265 204 342 75 351 
312: 217 23 274 
313: 46 204 342 312 
314: 108 205 
315: 266 
316: 83 25 
317: 215 321 237 
318: 129 19 
319: 185 343 18 187 90 11 75 
320: 201 4 114 184 
321: 18 141 
322: 57 140 218 
323: 108 307 271 
324: 228 2 242 
325: 88 352 
326: 140 27 246 259 
327: 124 151 
328: 315 298 47 
329: 145 140 333 
330: 242 
331: 54 9 45 158 
332: 71 148 
333: 322 
334: 238 306 345 
335: 107 155 284 
336: 23 16 165 
337: 204 
338: 187 5 301 
339: 195 271 
340: 6 80 275 
341: 55 214 26 88 91 
342: 260 90 169 306 
343: 86 207 283 172 
344: 126 66 
345: 304 184 243 
346: 105 20 27 59 
347: 28 
348: 219 87 222 53 21 226 238 
349: 197 194 
350: 68 148 
351: 261 240 197 248 149 45 
352: 35 341 
353: 19 
354: 323 43 66 248 31 80 115 